1600
800
400
720
408
430
3200
788
740
300
880
1200
450
800
660
730
408
499
421
335
460
370
605
499
305
750
507
375
460
490
340
392
580
320
415
214
465
1300
450
245
410
388
543
705
544
1100
487
239
850
730
438
262
560
665
2100
355
495
670
740
956
300
283
830
372
1510
350
1130
1200
375
320
510
720
330
445
480
880
335
465
630
2300
2280
720
720
780
710
470
430
480
310
700
700
366
400
298
345
425
415
360
610
375
2350
650
825
628
685
340
1020
335
350
588
408
245
698
630
274
335
360
610
795
1900
288
530
245
780
490
1658
450
540
610
410
525
670
457
485
428
950
500
530
280
670
620
896
1300
430
640
420
550
1180
485
740
460
294
525
245
570
370
372
290
600
468
2100
380
325
1500
350
540
410
260
570
380
380
660
480
700
315
450
260
550
270
820
880
580
570
735
710
332
750
520
570
950
445
400
335
650
385
403
305
515
437
838
750
305
850
980
520
420
440
350
345
340
430
2100
790
480
549
464
199
517
292
428
505
500
1020
325
520
342
383
1090
570
317
650
245
880
2068
549
750
910
625
265
346
567
830
558
552
720
380
235
420
315
392
1680
600
325
748
700
800
390
310
650
560
475
389
950
570
280
622
2618
750
355
1390
450
340
650
180
627
350
480
650
600
1100
296
450
425
879
450
1560
273
2000
548
550
590
260
800
596
400
900
1400
408
1540
580
1100
680
570
380
342
530
990
556
530
374
345
370
720
755
370
1060
510
1990
245
361
730
277
370
458
270
345
410
370
730
417
425
350
789
1180
670
370
640
516
920
310
280
256
407
286
782
2280
268
550
300
798
518
850
530
300
376
470
369
265
620
395
500
566
430
330
980
318
610
510
275
466
1800
380
205
1100
345
950
750
640
221
360
1430
372
320
1350
455
228
410
429
530
425
600
465
495
600
305
915
500
530
1100
385
800
543
300
2100
395
849
750
318
370
570
549
720
369
460
499
290
700
415
560
315
820
1220
370
510
460
1100
460
405
650
323
390
515
510
828
500
580
2100
380
550
550
424
350
800
408
535
440
405
465
620
966
269
540
330
480
960
310
970
530
460
495
222
320
465
430
3600
342
575
676
590
1304
855
870
480
330
440
510
510
625
1950
430
445
1300
600
686
1260
640
660
192
910
750
530
345
265
185
310
942
308
453
589
260
570
1150
850
475
300
1050
260
410
1400
580
570
1800
880
498
3384
487
800
205
510
580
180
415
1350
546
278
456
325
680
750
425
750
230
499
610
456
350
435
500
680
320
310
670
408
340
500
980
1400
640
290
1200
510
1450
380
515
300
372
342
770
326
700
720
323
400
510
450
315
320
590
509
1030
570
525
555
1700
460
460
335
466
820
500
400
3085
710
876
685
329
265
560
350
405
245
565
1600
439
230
550
1417
678
530
1260
795
725
370
888
245
340
1990
530
435
464
1596
307
610
740
819
1430
580
612
460
258
855
660
358
440
900
1350
380
235
750
2600
290
210
700
570
465
1200
500
290
550
425
880
459
415
1233
600
530
1000
928
828
1180
517
329
410
535
595
720
1260
495
500
628
570
4270
849
210
665
418
630
398
720
730
430
410
670
380
550
549
415
1800
2350
1310
495
408
945
490
815
988
420
1750
425
420
450
610
1188
692
299
205
528
180
417
1580
335
398
445
1025
610
525
492
699
1750
1300
450
297
435
345
315
465
535
455
920
560
1700
600
425
266
520
360
830
750
293
410
450
704
930
800
2600
450
460
750
550
550
760
930
350
298
688
850
368
260
1100
370
363
429
400
280
640
1600
445
855
911
1584
820
445
400
580
610
1100
1050
1100
310
680
1650
1000
458
560
788
460
350
419
750
627
760
305
355
255
480
290
840
360
805
398
685
360
670
210
311
537
360
300
660
245
555
310
1800
650
880
720
480
1120
370
499
450
480
439
195
460
317
370
523
850
695
820
285
540
950
366
255
395
375
868
4150
480
745
1070
277
290
629
535
475
335
1660
330
925
620
480
710
1728
370
510
660
260
320
210
690
210
295
310
395
540
480
379
1220
650
1420
980
435
640
402
465
500
300
646
227
510
820
419
980
590
560
335
560
850
450
1200
645
470
498
790
1350
750
420
1166
930
819
580
472
450
250
345
530
456
1540
1313
352
575
313
420
370
725
820
250
598
500
370
354
700
404
530
780
300
600
399
543
298
440
546
836
350
335
780
325
510
610
419
1280
338
850
385
490
680
730
598
420
868
465
455
887
750
480
370
580
1180
540
415
396
460
1350
310
303
430
240
460
460
1350
780
760
750
865
359
695
439
334
1150
370
447
3600
730
285
749
363
445
1490
289
430
380
660
350
820
828
355
515
700
1220
380
220
578
616
720
235
195
1000
1350
570
530
460
262
650
600
445
240
310
342
410
805
495
290
468
303
385
750
330
305
730
613
620
600
839
1249
755
365
900
550
560
310
310
790
880
1120
850
225
340
960
760
445
458
740
550
398
430
640
540
260
600
640
830
499
280
572
217
228
510
465
500
355
700
1500
320
2200
480
550
640
904
405
1200
550
300
210
1200
568
262
1266
310
799
630
510
245
955
1380
655
403
680
550
620
678
475
680
1130
455
1000
365
188
270
380
240
468
630
450
760
860
300
1463
570
450
570
560
1180
550
600
425
447
1350
279
520
2220
480
650
1890
640
700
320
450
530
1500
310
228
2300
397
228
966
800
322
549
335
550
1050
500
304
300
300
560
850
390
1100
560
445
690
3150
490
1337
498
199
2360
360
400
505
420
550
630
600
210
770
325
312
485
610
365
670
828
968
320
345
505
830
400
560
380
800
375
380
450
530
830
419
538
520
678
260
720
980
699
690
780
450
445
525
1100
1020
1300
300
468
458
1000
400
445
310
680
700
460
420
430
380
850
472
970
1860
355
345
529
512
359
230
570
1600
445
359
380
420
430
410
400
235
880
480
402
1180
283
283
272
287
2200
565
720
1380
1150
1159
245
890
380
720
720
248
480
680
450
857
1356
740
795
510
320
515
2490
270
308
320
370
990
560
570
1160
1050
670
700
487
725
840
930
540
668
298
1220
423
366
700
830
370
350
370
410
370
1700
480
1200
930
281
538
285
530
470
720
340
520
1150
269
320
782
800
799
375
270
700
470
1490
610
720
645
350
530
350
386
255
510
670
464
276
660
830
310
426
670
400
325
960
343
980
590
570
960
445
450
980
260
610
380
610
1100
415
305
460
460
1230
445
230
1050
1480
385
2100
600
700
900
615
860
370
620
1160
900
550
446
1150
335
1050
361
620
1350
1487
598
680
500
740
458
399
360
490
750
335
260
767
545
329
310
419
411
940
519
550
445
849
365
600
680
430
245
498
930
580
988
410
535
750
1200
660
1200
735
487
620
949
420
329
240
450
365
245
368
610
921
1400
285
518
650
1400
351
825
400
510
550
855
910
772
668
1080
495
510
328
750
315
438
672
598
1200
850
700
685
270
845
255
620
510
950
383
580
1170
535
695
309
762
310
402
450
730
735
750
380
650
475
290
369
935
452
348
281
370
560
330
288
830
1750
305
750
495
620
510
690
510
580
433
998
440
670
520
695
360
230
666
245
428
420
293
365
660
420
2980
450
350
503
670
468
285
550
2000
210
305
850
1200
465
445
580
1150
930
328
830
680
678
430
259
440
395
370
520
550
920
279
370
415
284
365
300
772
415
605
585
280
522
495
960
464
630
570
510
560
720
660
1540
445
415
550
1250
350
510
420
462
1100
680
410
289
870
350
610
750
445
610
320
650
3600
650
230
2400
730
260
620
256
447
766
532
470
550
325
740
530
580
485
1649
338
1000
1850
300
589
2250
1090
228
750
380
490
610
540
400
537
385
380
720
485
419
445
230
830
262
1060
520
860
990
640
680
560
445
465
330
335
330
2200
630
510
1000
2000
385
315
298
1000
1399
772
450
540
310
850
392
420
735
730
730
450
315
450
750
660
355
523
1500
700
570
366
280
1890
762
291
666
420
850
385
295
511
290
980
450
850
320
300
900
398
450
1130
385
368
990
608
630
262
1060
730
700
380
750
1300
360
398
290
300
600
1504
1200
460
570
465
700
632
930
320
440
428
845
750
290
556
880
610
398
1592
610
400
400
880
700
275
830
245
245
408
530
610
465
480
465
430
1220
2050
240
1050
405
560
660
550
558
2220
550
570
1350
350
500
490
680
835
320
818
380
400
680
1190
430
680
915
595
590
302
245
750
900
310
540
1200
310
403
960
640
613
950
460
305
410
1180
700
980
458
740
440
550
340
1050
1600
580
560
450
612
613
318
325
1095
410
1180
256
875
730
320
515
290
720
549
733
695
880
610
1070
315
425
896
547
320
580
1100
710
700
700
425
390
480
600
1220
1160
950
256
910
1150
230
440
395
450
2280
330
350
320
750
1000
810
2563
539
280
1650
445
410
680
245
330
730
465
520
200
495
459
370
460
720
1250
630
500
720
700
360
880
380
435
310
465
860
850
860
730
387
1330
380
2400
510
267
680
1350
305
750
875
620
455
192
700
335
350
310
305
530
275
1230
720
400
570
340
788
378
590
550
750
228
396
290
460
530
665
338
560
365
370
980
453
260
265
628
530
3600
305
470
1250
282
864
530
766
1900
332
340
350
384
330
1250
1075
173
418
370
310
370
410
780
365
500
299
1239
269
940
441
410
360
720
782
545
600
680
510
1000
370
455
830
1150
880
660
349
468
255
340
550
720
570
360
990
305
240
1100
600
690
735
465
325
900
465
520
355
399
600
820
435
1700
640
315
1500
848
780
595
475
360
720
990
560
420
335
530
574
600
735
620
230
415
265
980
1300
450
287
530
245
648
358
1180
299
1070
525
650
540
950
440
510
782
900
1750
345
580
300
345
598
700
575
466
380
440
380
400
366
460
375
342
410
380
620
820
700
420
650
460
605
600
630
350
2100
332
470
445
530
750
238
455
228
405
589
485
1600
255
366
498
425
486
370
935
990
310
375
1230
405
850
308
410
460
326
362
355
1360
340
2560
980
630
420
495
985
367
487
750
307
995
390
1200
500
340
518
2220
744
900
650
2400
396
605
242
445
780
1600
408
285
557
1050
760
315
419
580
650
1150
460
350
350
352
450
799
410
560
518
310
360
578
448
420
370
500
580
337
485
365
690
1850
650
419
675
423
458
456
565
345
600
535
838
275
430
530
860
361
450
880
1388
520
261
410
440
1075
900
730
320
830
490
296
258
350
600
245
670
778
530
556
600
325
1300
448
1050
200
510
326
610
245
450
670
660
395
320
578
450
495
245
1026
640
370
620
370
280
285
199
425
298
498
300
518
1380
260
370
575
540
380
850
302
540
482
1590
530
200
750
520
235
1100
320
445
1027
435
700
342
1130
340
735
880
490
320
700
450
365
770
1000
740
435
270
600
580
410
1350
1050
1180
435
530
535
610
730
410
290
1330
382
570
498
280
336
390
405
760
528
930
460
480
1230
1450
1170
239
525
480
518
530
650
522
620
320
370
399
750
220
700
360
498
375
1750
455
838
1720
896
560
200
355
430
620
950
435
350
330
595
990
1030
700
710
465
408
921
550
438
730
605
222
1006
625
228
460
245
585
850
260
300
1395
408
434
610
263
488
520
750
426
360
509
416
380
1100
1090
235
462
700
1550
469
285
488
290
465
1299
690
960
370
288
445
220
1300
549
350
260
460
400
550
388
1800
275
435
310
880
203
1050
185
820
770
1650
350
385
550
330
473
286
810
550
254
980
1033
430
450
338
453
900
980
450
920
345
385
275
509
330
640
1300
246
270
300
248
1350
333
900
358
990
361
266
678
1999
455
350
820
558
750
500
307
660
537
270
260
340
480
255
450
245
1250
509
750
350
620
345
365
370
335
335
739
1600
308
630
810
320
1800
828
528
560
830
680
255
460
479
460
650
249
980
330
289
582
530
810
450
617
256
315
1410
398
700
820
650
630
725
1500
465
849
370
680
516
620
405
350
1266
1350
879
245
500
650
1900
570
329
420
1200
1500
550
950
445
300
866
1100
390
660
450
460
610
245
950
1230
780
1100
487
660
698
380
570
1200
750
922
750
445
552
1008
380
1500
880
370
570
1600
708
493
222
485
535
780
600
620
288
610
590
620
845
580
440
695
900
1417
269
340
410
1380
830
750
307
1200
560
425
360
342
730
1200
720
630
350
480
245
880
340
420
623
479
535
626
560
360
540
450
330
605
1100
880
448
820
460
198
425
500
380
370
1800
485
668
340
470
370
350
507
410
397
405
265
499
611
258
920
460
260
970
1150
279
800
320
3384
370
419
1680
880
370
530
790
285
415
680
560
588
510
360
345
265
260
1076
980
500
450
710
435
419
810
499
387
249
1830
522
680
930
460
260
820
385
1050
410
1950
392
700
466
566
180
430
1250
820
809
380
575
365
470
245
305
462
350
580
2350
795
690
959
350
550
249
408
765
350
825
320
560
980
588
2000
678
366
370
760
375
610
400
465
415
750
260
340
262
550
820
750
670
430
465
445
480
570
365
550
375
230
500
1250
1000
260
740
500
375
480
565
475
530
505
550
1400
417
370
560
320
490
530
370
1230
700
439
849
610
465
407
245
594
730
1300
1500
780
300
530
1220
1900
820
510
400
1150
500
185
418
955
385
530
580
610
500
520
370
370
595
2200
1200
330
490
390
450
860
770
680
610
850
342
1050
385
850
595
227
1050
730
270
400
408
552
970
236
680
400
400
630
375
1260
798
410
350
930
535
427
265
700
322
770
360
773
335
345
640
465
275
374
450
1504
630
600
245
638
375
650
295
610
740
370
460
950
530
460
408
840
2200
440
465
850
722
1026
320
560
458
750
390
448
280
260
1100
548
328
450
350
460
1100
350
260
366
650
1200
1680
700
580
1848
620
660
460
300
860
275
430
1050
284
480
550
740
1600
460
930
510
405
300
245
395
366
445
1800
750
650
450
570
740
430
420
275
310
780
515
620
500
750
1880
680
245
600
824
410
445
269
620
320
465
990
610
1150
530
650
315
475
245
330
650
330
580
480
350
465
357
700
466
1150
489
490
425
539
780
880
550
524
311
260
588
425
740
1700
798
537
400
365
330
550
2600
436
312
230
825
930
250
430
515
410
580
335
425
